[[  5.20992485e-01  -3.37623473e-01   1.85718227e-01  -8.10211791e-01
   -9.92776660e+00   7.88755443e+00  -1.50594318e+01   1.00000000e+00
    0.00000000e+00  -3.70764107e+00   0.00000000e+00   0.00000000e+00
    0.00000000e+00   0.00000000e+00   0.00000000e+00]
 [  6.42727940e-01  -3.91131885e-01   8.50268162e-03  -8.09013179e-01
   -7.86152935e+00   4.02096197e+00  -1.65176229e+01   1.00000000e+00
    0.00000000e+00   0.00000000e+00  -5.96056363e-01   0.00000000e+00
    0.00000000e+00   0.00000000e+00   0.00000000e+00]
 [  6.22501751e-01   1.29985725e-02  -1.49013613e-01  -7.07783532e-01
   -5.39048026e+00  -7.01676018e+00  -1.54843494e+01   1.00000000e+00
    0.00000000e+00   0.00000000e+00   0.00000000e+00   2.81520345e+00
    0.00000000e+00   0.00000000e+00   0.00000000e+00]
 [  5.92024606e-01   4.72184451e-01   9.90460271e-01  -1.58719468e+00
   -2.35551725e+01  -3.48379771e+00  -1.66392053e+01   1.00000000e+00
    0.00000000e+00   0.00000000e+00   0.00000000e+00   0.00000000e+00
    9.42935830e+00   0.00000000e+00   0.00000000e+00]
 [  1.12610482e-01   7.38709438e-01   6.95604539e-01  -9.36251881e-01
   -1.48707028e+01   9.79147678e+00  -1.38970134e+01   1.00000000e+00
    0.00000000e+00   0.00000000e+00   0.00000000e+00   0.00000000e+00
    0.00000000e+00  -6.35982243e+00   0.00000000e+00]
 [  5.18717251e-01  -3.34969123e-01   1.88552196e-01  -8.10099172e-01
   -9.95586887e+00   7.92615143e+00  -1.50391530e+01   1.00000000e+00
    0.00000000e+00   0.00000000e+00   0.00000000e+00   0.00000000e+00
    0.00000000e+00   0.00000000e+00  -3.75130074e+00]
 [ -5.33187579e-02  -7.09191482e-02   7.92984698e-01   8.28984484e-02
    1.01537322e+00   1.50594318e+01   7.88755443e+00   0.00000000e+00
    1.00000000e+00  -7.61765384e+00   0.00000000e+00   0.00000000e+00
    0.00000000e+00   0.00000000e+00   0.00000000e+00]
 [  9.16964336e-02  -5.88551479e-01   8.17163394e-01  -1.15431119e-01
   -1.12190841e+00   1.65176229e+01   4.02096197e+00   0.00000000e+00
    1.00000000e+00   0.00000000e+00  -6.95053285e+00   0.00000000e+00
    0.00000000e+00   0.00000000e+00   0.00000000e+00]
 [  6.48718637e-01  -1.37291917e+00   1.01133183e+00  -7.37584144e-01
   -5.61644735e+00   1.54843494e+01  -7.01676018e+00   0.00000000e+00
    1.00000000e+00   0.00000000e+00   0.00000000e+00  -3.00689350e-01
    0.00000000e+00   0.00000000e+00   0.00000000e+00]
 [  3.93800305e-01   2.49800475e-02   1.62884956e+00  -1.05592165e+00
   -1.56626411e+01   1.66392053e+01  -3.48379771e+00   0.00000000e+00
    1.00000000e+00   0.00000000e+00   0.00000000e+00   0.00000000e+00
    1.55942156e+01   0.00000000e+00   0.00000000e+00]
 [ -2.67618869e-02   7.66093442e-01   6.64966006e-01   2.22432642e-01
    3.53219475e+00   1.38970134e+01   9.79147678e+00   0.00000000e+00
    1.00000000e+00   0.00000000e+00   0.00000000e+00   0.00000000e+00
    0.00000000e+00  -1.78521883e+00   0.00000000e+00]
 [ -5.44306132e-02  -6.34883319e-02   7.92421726e-01   8.49868547e-02
    1.04405446e+00   1.50391530e+01   7.92615143e+00   0.00000000e+00
    1.00000000e+00   0.00000000e+00   0.00000000e+00   0.00000000e+00
    0.00000000e+00   0.00000000e+00  -7.61118733e+00]]
